01.png:
{0, 0, 0, 0, 0, 0, 0, 0, 0, 
0, 0, 0, 0, 0, 0, 0, 0, 0, 
0, 0, 0, 0, 0, 0, 0, -10, -10, 
0, -10, -10, 0, 0, 0, 0, -10, -10, 
0, -10, -10, 0, 0, 0, 0, -10, -10, 
-10, -10, -10, -10, -10, -10, -10, -10, -10, 
-10, -10, -10, -10, -10, -10, -10, -10, -10, 
-10, -10, -10, -10, -10, -10, -10, -10, -10, 

2} 

{[-4.081196218710928, -2.847641081850907];null}
---

02.png:
{0, 0, 0, 0, 0, 0, 0, 0, 0, 
0, 0, 0, 0, 0, 0, 0, 0, 0, 
0, 0, 16, 16, -10, 16, 16, 0, 0, 
0, 0, 0, 0, 0, 0, 0, 0, 0, 
0, 0, 0, 0, 0, 0, 0, 0, 0, 
0, 0, 0, 0, 0, 0, 0, 0, 0, 
-10, -10, -10, -10, -10, -10, -10, -10, 0, 
-10, -10, -10, -10, -10, -10, -10, -10, 0, 

2}

{[18.751755612964505, 6.287207021688859];null}
---

03.png:
{0, 0, 0, 0, 0, 0, 0, 0, 0, 
0, 16, -10, 16, 0, 0, 0, 0, 0, 
0, 0, 0, 0, 0, 0, 0, 0, 0, 
0, 0, 0, 0, 0, 0, 0, 0, 0, 
0, 0, 0, 0, 0, 0, 0, 0, 0, 
-10, -10, -10, -10, -10, -10, -10, -10, -10, 
0, 0, 0, 0, 0, 0, 0, 0, 0, 
0, 0, 0, 0, 0, 0, 0, 0, 0, 

2}

{[-18.701734053223305, -16.6530809095853];null}
---

04.png:
{0, 0, 0, 0, 0, 0, 0, 0, 0, 
0, 0, 0, 0, 0, 0, 0, 0, 0, 
0, 0, 0, 0, 0, 0, 0, 0, 0, 
0, 0, 0, 0, 0, 0, 0, 0, 0, 
0, 0, 0, 0, 0, 0, 0, 0, 0, 
-10, -10, -10, -10, -10, 0, 0, 0, -10, 
0, 0, 0, 0, 0, 0, 0, 0, 0, 
0, 0, 0, 0, 0, 0, 0, 0, 0, 

2} 

{[-10.26072665171305, -17.362352530478375];null}
---

05.png:
{0, 0, 0, 0, 0, 0, 0, 0, 0, 
0, 0, 0, 0, 0, 0, 0, 0, 0, 
0, 0, 0, 0, 0, 0, 0, 0, 0, 
0, 0, 0, 0, 0, 0, 0, 0, -10, 
0, 0, 0, 0, 0, 0, 0, 0, -10, 
0, 0, 0, 0, 0, 0, 0, 0, -10, 
-10, -10, -10, 0, 0, 0, -10, -10, -10, 
0, 0, 0, 0, 0, 0, 0, 0, 0, 

2}

{[1.8531684313336139, -15.489493759870786];null}
---

06.png:
{0, 0, 0, 0, 0, 0, 0, 0, 0, 
0, 0, 0, 0, 0, 0, 0, 0, 0, 
0, 0, 0, 0, 0, 0, 0, 0, 0, 
0, 0, 0, 0, 0, 0, 0, 0, 0, 
0, 0, 0, 0, 0, 0, 0, 0, 0, 
-10, -10, -10, -10, -10, -10, -10, -10, -10, 
-10, -10, -10, -10, -10, -10, -10, -10, -10, 
-10, -10, -10, -10, -10, -10, -10, -10, -10, 

2} 

{[-2.6666134455936796, 9.807758552179926];null}
---

07.png:
{0, 0, 0, 0, 0, 0, 0, 0, 0, 
0, 0, 0, 0, 0, 0, 0, 0, 0, 
0, 0, 0, 0, 0, 0, 0, 0, 0, 
0, 0, 0, 0, 0, 0, 0, 0, 0, 
0, 0, 0, 0, 0, 0, 0, 0, 0, 
0, 0, 0, 0, 0, 0, 0, 0, 0, 
0, 0, 0, 0, 0, 0, 0, 0, 0, 
0, 0, 0, 0, 0, 0, 0, 0, -10, 

2}

{[3.4178515257438304, -17.77860528037827];null}
---

08.png:
{0, 0, 0, 0, 0, 0, 0, 0, 0, 
0, 0, 0, 0, 0, 0, 0, 0, 0, 
0, 0, 0, 0, 0, 0, 0, 0, 0, 
16, 0, 0, 0, 0, 0, 0, 0, 0, 
0, 0, 0, 0, 0, 0, 0, 0, 0, 
0, 0, 0, 16, 16, 16, 0, 0, 0, 
0, 0, 0, 0, 0, 0, 0, 0, 0, 
-10, -10, 0, 34, 34, 34, 34, 34, 0, 

2}

{[-6.690272412453403, -42.73289478021531];null}
---

09.png:
{0, 0, 0, 0, 0, 0, 0, 0, 0, 
0, 0, 0, 0, 0, 0, 0, 0, 0, 
0, 0, 0, 0, 0, 0, 0, 0, 0, 
0, 0, 0, 0, 0, 0, 0, 0, 0, 
0, 0, 0, 0, 0, 0, 0, 0, 0, 
-10, -10, -10, -10, -10, -10, -10, -10, -10, 
-10, -10, -10, -10, -10, -10, -10, -10, -10, 
-10, -10, -10, -10, -10, -10, -10, -10, -10, 

2}


---

10.png:
{0, 0, 0, 0, 0, 0, 0, 0, 0, 
0, 0, 0, 0, 0, 0, 0, 0, 0, 
0, 0, 0, 0, 0, 0, 0, 0, 0, 
0, 0, 0, 0, 0, 0, 0, 0, -10, 
0, 0, 0, 0, 0, 0, 0, 0, -10, 
-10, -10, -10, -10, -10, -10, -10, -10, -10, 
-10, -10, -10, -10, -10, -10, -10, -10, -10, 
-10, -10, -10, -10, -10, -10, -10, -10, -10, 

2}


---

11.png:
{0, 0, 0, 0, 0, 0, 0, 0, 0, 
0, 0, 0, 0, 0, 0, 0, 0, 0, 
0, 0, 0, 0, 0, 0, 0, 0, 0, 
0, 0, 0, 0, 0, 0, 0, -10, -10, 
0, 0, 0, 0, 0, 0, 0, -10, -10, 
-10, -10, -10, -10, -10, -10, -10, -10, -10, 
-10, -10, -10, -10, -10, -10, -10, -10, -10, 
-10, -10, -10, -10, -10, -10, -10, -10, -10, 

2}

---

12.png:
{0, 0, 0, 0, 0, 0, 0, 0, 0, 
0, 0, 0, 0, 0, 0, 0, 0, 0, 
0, 0, 0, 0, 0, 0, 0, 0, 0, 
0, 0, 0, 0, 0, 0, -10, -10, 0, 
0, 0, 0, 0, 0, 0, -10, -10, 0, 
-10, -10, -10, -10, -10, -10, -10, -10, -10, 
-10, -10, -10, -10, -10, -10, -10, -10, -10, 
-10, -10, -10, -10, -10, -10, -10, -10, -10, 

2}


---

13.png:
{0, 0, 0, 0, 0, 0, 0, 0, 0, 
0, 0, 0, 0, 0, 0, 0, 0, 0, 
0, 0, 0, 0, 0, 0, 0, 0, 0, 
0, 0, 0, 0, 0, -10, -10, 0, 0, 
0, 0, 0, 0, 0, -10, -10, 0, 0, 
-10, -10, -10, -10, -10, -10, -10, -10, -10, 
-10, -10, -10, -10, -10, -10, -10, -10, -10, 
-10, -10, -10, -10, -10, -10, -10, -10, -10, 

2}


---

14.png:
{0, 0, 0, 0, 0, 0, 0, 0, 0, 
0, 0, 0, 0, 0, 0, 0, 0, 0, 
0, 0, 0, 0, 0, 0, 0, 0, 0, 
0, 0, 0, 0, 0, 0, 0, 0, 0, 
0, 0, 0, 0, 0, -10, -10, 0, 0, 
0, 0, 0, 0, 0, -10, -10, 0, 0, 
-10, -10, -10, -10, -10, -10, -10, -10, -10, 
-10, -10, -10, -10, -10, -10, -10, -10, -10, 

2}


---

15.png:
{0, 0, 0, 0, 0, 0, 0, 0, 0, 
0, 0, 0, 0, 0, 0, 0, 0, 0, 
0, 0, 0, 0, 0, 0, 0, 0, 0, 
0, 0, 0, 0, 0, 0, 0, 0, 0, 
0, 0, 0, 0, 0, 0, 0, 0, 0, 
0, 0, 0, 0, 0, -10, -10, 0, 0, 
0, 0, 0, 0, 0, -10, -10, 0, 0, 
-10, -10, -10, -10, -10, -10, -10, -10, -10, 

2}


---

16.png:
{0, 0, 0, 0, 0, 0, 0, 0, 0, 
0, 0, 0, 0, 0, 0, 0, 0, 0, 
0, 0, 0, 0, 0, 0, 0, 0, 0, 
0, 0, 0, 0, 0, 0, 0, 0, 0, 
0, 0, 0, 0, 0, 0, 0, 0, 0, 
0, 0, 0, 0, -10, -10, 0, 0, 0, 
0, 0, 0, 0, -10, -10, 0, 0, 0, 
-10, -10, -10, -10, -10, -10, -10, -10, -10, 

2}


---

17.png:
{0, 0, 0, 0, 0, 0, 0, 0, 0, 
0, 0, 0, 0, 0, 0, 0, 0, 0, 
0, 0, 0, 0, 0, 0, 0, 0, 0, 
0, 0, 0, 0, 0, 0, 0, 0, 0, 
0, 0, 0, 0, 0, 0, 0, 0, 0, 
0, 0, 0, -10, -10, 0, 0, 0, 0, 
0, 0, 0, -10, -10, 0, 0, 0, 0, 
-10, -10, -10, -10, -10, -10, -10, -10, -10, 

2}


---

18.png:
{0, 0, 0, 0, 0, 0, 0, 0, 0, 
0, 0, 0, 0, 0, 0, 0, 0, 0, 
0, 0, 0, 0, 0, 0, 0, 0, 0, 
0, 0, 0, 0, 0, 0, 0, 0, 0, 
0, 0, 0, 0, 0, 0, 0, 0, 0, 
0, 0, 0, 0, 0, 0, 0, 0, 0, 
0, 0, 0, -10, -10, 0, 0, 0, 0, 
0, 0, 0, -10, -10, 0, 0, 0, 0, 

2}


---

19.png:
{0, 0, 0, 0, 0, 0, 0, 0, 0, 
0, 0, 0, 0, 0, 0, 0, 0, 0, 
0, 0, 0, 0, 0, 0, 0, 0, 0, 
0, 0, 0, 0, 0, 0, 0, 0, 0, 
0, 0, 0, 0, 0, 0, 0, 0, 0, 
0, 0, 0, 0, 0, 0, 0, 0, 0, 
0, 0, 0, 0, 0, 0, 0, 0, -10, 
0, 0, -10, -10, 0, 0, 0, 0, -10, 

2}


---

20.png:
{0, 0, 0, 0, 0, 0, 0, 0, 0, 
0, 0, 0, 0, 0, 0, 0, -10, -10, 
0, 0, 0, 0, 0, 0, 0, 0, 0, 
0, 0, 0, 0, 0, -10, -10, -10, -10, 
0, 0, 0, 0, 0, 0, 0, 0, 0, 
0, 0, 0, 0, -10, -10, -10, -10, -10, 
0, 0, 0, 0, -10, -10, -10, -10, -10, 
0, 0, 0, 0, -10, -10, -10, -10, -10, 

2}


---

21.png:
{0, 0, 0, 0, 0, 0, 0, 0, 0, 
0, 0, 0, 0, 0, 0, 0, 0, 0, 
0, 0, 0, 0, 0, 0, 0, 0, 0, 
0, 0, 0, 0, 0, 0, 0, 0, 0, 
0, 0, 0, 0, 0, 0, 0, 0, 0, 
0, 0, 0, 0, 0, 0, 0, 0, 0, 
0, 0, 0, 0, 0, 0, 0, 0, 0, 
0, 0, 0, 0, 0, 0, 0, 0, 0, 

2}


---

22.png:
{0, 0, 0, 0, 0, 0, 0, 0, 0, 
0, 0, 0, 0, 0, 0, 0, 0, 0, 
16, 0, 0, 0, 0, 0, 0, 0, 0, 
0, 0, 0, 0, 0, 0, 0, 0, 0, 
0, 0, 0, 0, 0, 0, 0, 0, 0, 
0, 0, 0, 0, 0, 0, 0, 0, 0, 
-10, -10, -10, -10, -10, 0, 0, 0, 2, 
-10, -10, -10, -10, -10, -10, -10, -10, -10, 

2}


---

23.png:
{0, 0, 0, 0, 0, 0, 0, 0, 0, 
0, 0, 0, 0, 0, 0, 0, 0, 0, 
-10, 0, 0, 0, 0, 0, 0, 0, 0, 
-10, 0, 0, 0, 0, -10, -10, 0, 0, 
-10, 0, 0, 0, 0, -10, -10, 2, -10, 
-10, -10, -10, -10, -10, -10, -10, -10, -10, 
0, 0, 0, 0, 0, 0, 0, 0, 0, 
0, 0, 0, 0, 0, 0, 0, 0, 0, 

2}


---

24.png:
{0, 0, 0, 0, 0, 0, 0, 0, 0, 
0, 0, 0, 0, 0, 0, 0, 0, 0, 
0, 0, 0, 0, 0, 0, 0, 0, 0, 
0, 0, 0, 0, 0, 0, 0, 0, 0, 
0, 0, -10, -10, 0, 0, 0, 0, 0, 
0, 0, -10, -10, 2, -10, -10, -10, -10, 
-10, -10, -10, -10, -10, -10, -10, -10, -10, 
0, 0, 0, 0, 0, 0, 0, 0, 0, 

2}


---

25.png:
{0, 0, 0, 0, 0, 0, 0, 0, 0, 
0, 0, 0, 0, 0, 0, 0, 16, 16, 
0, 0, 0, 0, 0, 0, 0, 0, 0, 
0, 0, 0, 0, 0, 0, 0, 34, 34, 
-10, -10, 0, 0, 0, 0, 0, 0, 0, 
-10, -10, 2, -10, -10, -10, -10, -10, -10, 
-10, -10, -10, -10, -10, -10, -10, -10, -10, 
0, 0, 0, 0, 0, 0, 0, 0, 0, 

2}


---
26.png:
{0, 0, 0, 0, 0, 0, 0, 0, 0, 
0, 0, 0, -10, -10, -10, 16, 16, 0, 
0, 0, 0, 0, 0, 0, 0, 0, 0, 
0, 0, 0, 0, 0, 0, 0, 34, 34, 
0, 0, 0, 0, 0, 0, 0, 0, 2, 
-10, -10, -10, -10, -10, -10, -10, -10, -10, 
0, 0, 0, 0, 0, 0, 0, 0, 0, 
0, 0, 0, 0, 0, 0, 0, 0, 0, 

2}


---

27.png:
{0, 0, 0, 0, 0, 0, 0, 0, 0, 
0, 0, 0, 0, 0, 0, 0, 0, 0, 
0, 0, 0, 0, 0, 0, 0, 0, 0, 
0, 0, 0, 0, 0, 0, 0, 2, 0, 
-10, -10, 0, 0, 0, 0, -10, -10, -10, 
-10, -10, 0, 0, 0, 0, -10, -10, -10, 
-10, -10, 0, 0, 0, 0, -10, -10, -10, 
-10, -10, -10, -10, -10, -10, -10, -10, -10, 

2}


---

28.png:
{0, 0, 0, 0, 0, 0, 0, 0, 0, 
0, 0, 0, 0, 0, 0, 0, 0, 0, 
0, 0, 0, 0, 0, 0, 0, 0, 0, 
0, 0, 0, 0, 0, 0, 0, 0, 0, 
0, 0, 0, 0, 0, 0, 0, 0, 0, 
0, -10, -10, -10, -10, -10, -10, -10, -10, 
0, -10, -10, -10, -10, -10, -10, -10, -10, 
-10, -10, -10, -10, -10, -10, -10, -10, -10, 

2}


---

29.png:
{0, 0, 0, 0, 0, 0, 0, 0, 0, 
0, 0, 0, 0, 0, 0, 0, 0, 0, 
0, 0, 0, 0, 0, -10, -10, -10, -10, 
0, 0, 0, 0, 0, -10, -10, -10, -10, 
0, 0, 0, 0, 0, -10, -10, -10, -10, 
0, 0, 0, -10, -10, -10, -10, -10, -10, 
0, 0, 0, 0, 0, 0, 0, 0, 0, 
0, 0, 0, 0, 0, 0, 0, 0, 0, 

2}


---

30.png:
